# 0.0000 0.0000 0.0000 0.0000 4 Root
## 0.0000 0.0000 1.5708 30.0000 0 Head
## 0.0000 0.0000 -1.5708 50.0000 2 Back
### 0.0000 0 -0.3854 50.0000 1 LLeg 0 -0.3854 50.0000 20 -0.2854 50.0000 40 0.1854 50.0000 60 0.5854 50.0000 80 0.3854 50.0000 100 0.2854 50.0000 120 0.0000 50.0000 140 -0.2854 50.0000 160 -0.3854 50.0000
#### 0.0000 0 -0.3000 50.0000 0 LLeg2 0 -0.3000 50.0000 20 -0.8000 45.000 40 -1.8000 45.0000 60 -1.3000 50.0000 80 0.0000 50.0000 100 -0.2854 50.0000 120 -0.3854 50.0000 140 0.0000 50.0000 160 -0.3000 50.0000
### 0.0000 0 0.3854 50.0000 1 RLeg 0 0.3854 50.0000 20 0.2854 50.0000 40 0.0000 50.0000 60 -0.1854 50.0000 80 -0.3854 50.0000 100 -0.1854 50.0000 120 0.2854 50.0000 140 0.5854 50.0000 160 0.3854 50.0000
#### 0.0000 0 0.0000 50.0000 0 RLeg2 0 0.0000 50.0000 20 -0.3854 50.0000 40 -0.2854 50.0000 60 0.0000 50.0000 80 -0.3000 50.0000 100 -0.8000 45.000 120 -1.8000 45.0000 140 -1.3000 50.0000 160 0.0000 50.0000
## 0.0000 0.0000 -0.1000 40.0000 1 LArm
### 0.0000 0.0000 0.1000 40.0000 0 LArm2
## 0.0000 0.0000 3.2416 40.0000 1 RArm
### 0.0000 0.0000 -0.1000 40.0000 0 RArm2